0 81
1 82
2 89
3 94
4 107
5 118
6 122
7 3613
8 3567
9 3980
10 4410
11 4856
12 5281
13 5936
14 6349
15 6788
16 7227
17 7670
18 8130
19 8723
20 9041
21 9359
22 10422
23 10583
24 10695
25 11147
26 11585
27 12244
28 12638
29 13095
30 13435
31 13914
32 14366
33 14818
34 16912
35 15691
36 16109
37 16514
38 37167
39 14274
40 19405
41 13818
42 11887
43 12157
44 14951
45 12597
46 13021
47 14674
48 17644
49 16793
50 14021
51 14337
52 14610
53 14854
54 15139
55 15546
56 16914
57 16088
58 16393
59 16708
60 16976
61 17213
62 17593
63 17834
64 18767
65 18409
66 20508
67 18908
68 23768
69 27443
70 21415
71 20256
72 20533
73 20820
74 22265
75 22091
76 21854
77 22112
78 22431
79 22682
80 23028
81 23315
82 23596
83 23975
84 24271
85 24585
86 34421
87 25125
88 25399
89 25725
90 19833
91 16978
92 17195
93 17376
94 17564
95 17766
96 17927
97 18179
98 18350
99 18553
100 18704
101 18887
102 19094
103 19304
104 19472
105 19628
106 19837
107 20013
108 20198
109 23537
110 20657
111 20864
112 21066
113 22227
114 22821
115 21606
116 21822
117 21967
118 22114
119 22306
120 22520
121 22736
122 23303
123 23062
124 23226
125 23518
126 29937
127 23926
128 28414
129 24299
130 24440
131 25839
132 24812
133 24982
134 25158
135 27434
136 27730
137 27797
138 28493
139 30182
140 28520
141 26408
142 28151
143 26800
144 27072
145 27174
146 27350
147 29242
148 27709
149 27899
150 28147
151 28252
152 28427
153 30904
154 28955
155 29069
156 29196
157 29511
158 29732
159 29783
160 30056
161 36233
162 42858
163 39095
164 37849
165 38061
166 33598
167 33728
168 33956
169 34333
170 35142
171 34574
172 38431
173 35021
174 35323
175 35610
176 35772
177 35798
178 35958
179 36241
180 36416
181 36662
182 36932
183 37118
184 37272
185 36714
186 41597
187 35179
188 35297
189 35450
190 35653
191 35780
192 36155
193 36201
194 36347
195 39619
196 36982
197 37007
198 37198
199 37343
200 37493
201 37667
202 37784
203 37971
204 38314
205 49563
206 38758
207 39009
208 39215
209 39332
210 39828
211 44281
212 40079
213 40208
214 43192
215 40436
216 40738
217 40811
218 41148
219 41189
220 41475
221 43406
222 42094
223 44693
224 42715
225 42858
226 42674
227 44536
228 42939
229 43056
230 43346
231 47789
232 43583
233 65910
234 55590
235 58531
236 56491
237 48044
238 49572
239 48531
240 49063
241 48866
242 49186
243 49020
244 49467
245 50387
246 53098
247 49972
248 50289
249 50328
250 50578
251 59269
252 51360
253 51103
254 47718
255 47909
256 48057
257 48278
258 49390
259 55594
260 50865
261 49146
262 49172
263 49410
264 49461
265 49750
266 50191
267 50276
268 52168
269 62399
270 51070
271 51227
272 51407
273 51459
274 51809
275 53959
276 52098
277 52426
278 52454
279 52701
280 52867
281 53010
282 54180
283 53473
284 54057
285 53838
286 53925
287 76854
288 72666
289 59457
290 59868
291 59694
292 59169
293 59518
294 59897
295 59921
296 60472
297 60228
298 60546
299 60790
300 61039
301 58610
302 63551
303 56796
304 57210
305 57201
306 57337
307 68894
308 57884
309 58090
310 58123
311 61149
312 58628
313 61010
314 59090
315 60881
316 58949
317 59566
318 64804
319 61387
320 60598
321 60411
322 60522
323 60587
324 62701
325 76043
326 66270
327 66630
328 66847
329 67195
330 67503
331 68110
332 85569
333 81335
334 70889
335 68841
336 70034
337 69491
338 70299
339 69993
340 69857
341 71701
342 64483
343 64496
344 64661
345 72185
346 65167
347 66950
348 65465
349 65654
350 66000
351 66383
352 68439
353 67075
354 66652
355 66957
356 66915
357 67071
358 74382
359 72009
360 67964
361 67972
362 68667
363 69893
364 68709
365 68879
366 68957
367 69082
368 69317
369 72514
370 69628
371 70278
372 82306
373 99019
374 93688
375 82747
376 75492
377 76869
378 82351
379 77266
380 77537
381 77808
382 78210
383 79159
384 87339
385 78651
386 78949
387 81657
388 73152
389 73238
390 73316
391 73649
392 78779
393 74040
394 75558
395 74109
396 79286
397 85342
398 75191
399 75205
400 75367
401 75511
402 86097
403 75764
404 75747
405 76012
406 76137
407 78186
408 100670
409 96508
410 84215
411 85866
412 83630
413 84329
414 84571
415 84535
416 84943
417 85014
418 85146
419 86012
420 82192
421 79419
422 79522
423 79665
424 99692
425 81603
426 81278
427 81453
428 81446
429 82586
430 86014
431 81096
432 82605
433 83629
434 81878
435 84384
436 81979
437 82220
438 90869
439 82718
440 84607
441 112514
442 105731
443 91048
444 89661
445 89963
446 91494
447 90777
448 91002
449 91364
450 90073
451 93476
452 85190
453 87228
454 87916
455 85220
456 85737
457 86046
458 88057
459 87277
460 86786
461 101568
462 87270
463 98103
464 87734
465 87755
466 87884
467 98605
468 89542
469 88354
470 88520
471 89937
472 133874
473 113440
474 102466
475 96717
476 97230
477 97293
478 98679
479 97453
480 98009
481 107976
482 99574
483 98250
484 105698
485 97914
486 91868
487 92344
488 92791
489 94901
490 93818
491 110117
492 93540
493 97032
494 94783
495 94859
496 94751
497 97506
498 95399
499 95474
500 110225
501 138954
502 127768
503 104759
504 109913
505 114741
506 114008
507 110346
508 116418
509 98101
510 98250
511 105203
512 98334
513 98564
514 101539
515 98866
516 98903
517 99802
518 103724
519 100244
520 106158
521 100816
522 107138
523 103214
524 102941
525 103419
526 101019
527 146293
528 120407
529 111241
530 110297
531 111929
532 104452
533 113083
534 119906
535 105423
536 103403
537 103225
538 105585
539 110883
540 103770
541 103663
542 113776
543 120455
544 104339
545 106660
546 104490
547 104495
548 104502
549 106417
550 105367
551 106011
552 149781
553 135083
554 116177
555 116692
556 115345
557 115154
558 117402
559 116127
560 116832
561 124249
562 117583
563 117086
564 118779
565 108680
566 108617
567 108776
568 113391
569 109516
570 109648
571 120155
572 118905
573 120193
574 120998
575 137463
576 157459
577 139253
578 122956
579 121268
580 123966
581 120892
582 120761
583 133387
584 121298
585 120747
586 116808
587 112561
588 112664
589 127518
590 129471
591 114351
592 116810
593 114048
594 113924
595 118128
596 115226
597 115236
598 135861
599 157985
600 129257
601 141623
602 142070
603 117967
604 130143
605 139906
606 127969
607 116802
608 117134
609 117878
610 120840
611 118043
612 121718
613 137139
614 118863
615 118938
616 122481
617 120086
618 119976
619 123101
620 120710
621 172753
622 137060
623 131912
624 133815
625 131786
626 131828
627 144254
628 130862
629 131694
630 133910
631 135305
632 135052
633 135500
634 141978
635 134664
636 133357
637 133136
638 135539
639 135690
640 133493
641 162495
642 178827
643 146056
644 136583
645 136008
646 137538
647 148644
648 137514
649 125532
650 125882
651 129296
652 126648
653 127729
654 132472
655 145002
656 128106
657 132226
658 137169
659 131202
660 133319
661 134519
662 190486
663 146432
664 140670
665 143207
666 141077
667 143794
668 153603
669 144032
670 137044
671 131797
672 131944
673 136068
674 135883
675 155354
676 145424
677 145492
678 146903
679 145701
680 147949
681 174122
682 162772
683 149389
684 153954
685 150619
686 146555
687 161786
688 149435
689 148944
690 144126
691 139740
692 136888
693 157278
694 138590
695 143184
696 137523
697 137798
698 140194
699 137782
700 182892
701 178235
702 156253
703 150327
704 149939
705 151707
706 163830
707 152390
708 150783
709 165129
710 174329
711 162401
712 171960
713 153094
714 155374
715 154377
716 153784
717 154985
718 208869
719 179726
720 157085
721 158178
722 154889
723 169702
724 155880
725 157531
726 144070
727 144498
728 148999
729 154725
730 147017
731 146109
732 162731
733 162707
734 159163
735 195886
736 174358
737 163541
738 159218
739 160512
740 158792
741 160076
742 155527
743 149217
744 158410
745 147608
746 148448
747 168191
748 152368
749 153117
750 149869
751 157210
752 150093
753 202454
754 173633
755 170715
756 159275
757 151912
758 171076
759 152181
760 156284
761 151964
762 151852
763 155441
764 169641
765 156246
766 152812
767 152436
768 155759
769 153198
770 201227
771 221302
772 175076
773 168267
774 168989
775 180946
776 161853
777 154593
778 168481
779 167770
780 168909
781 180152
782 167656
783 169754
784 168429
785 161852
786 197483
787 196760
788 171677
789 173484
790 171391
791 185092
792 171696
793 174193
794 158856
795 163706
796 172644
797 183671
798 173106
799 176092
800 172381
801 161717
802 217309
803 195291
804 178199
805 180707
806 178224
807 190572
808 177012
809 176701
810 180066
811 178904
812 188292
813 178389
814 180420
815 177473
816 184061
817 219429
818 215695
819 187244
820 187223
821 182764
822 194049
823 182766
824 179665
825 182754
826 168034
827 190588
828 169852
829 169610
830 171664
831 169160
832 218976
833 214135
834 187108
835 187592
836 185787
837 201978
838 174162
839 175365
840 190145
841 199848
842 202177
843 186116
844 178288
845 177801
846 173234
847 223625
848 204238
849 194249
850 191641
851 203964
852 190004
853 192733
854 190599
855 192411
856 201125
857 194309
858 192361
859 204572
860 230713
861 256955
862 204906
863 195085
864 199962
865 205799
866 194622
867 196535
868 195015
869 198573
870 205038
871 197627
872 195072
873 197874
874 195032
875 260343
876 213676
877 207509
878 198989
879 205516
880 186815
881 183014
882 186832
883 183479
884 226901
885 192928
886 191977
887 187465
888 212577
889 247807
890 205410
891 205550
892 188220
893 210566
894 187172
895 191916
896 203983
897 191893
898 210953
899 190880
900 194076
901 190835
902 221502
903 272824
904 354808
905 465212
906 193817
907 194603
908 190620
909 197370
910 190769
911 202064
912 206757
913 208793
914 250736
915 239366
916 207778
917 193819
918 200584
919 192438
920 198006
921 192210
922 202339
923 210632
924 194632
925 199412
926 196410
927 212938
928 249066
929 218551
930 222276
931 217320
932 217642
933 211113
934 208334
935 205687
936 206389
937 208753
938 197623
939 201823
940 211816
941 252965
942 223424
943 218429
944 224377
945 217025
946 206961
947 211877
948 212017
949 220355
950 201951
951 206267
952 201949
953 239667
954 270208
955 229202
956 225073
957 225973
958 220511
959 217848
960 203011
961 212303
962 205575
963 213536
964 231545
965 215426
966 272317
967 235902
968 226797
969 231851
970 223884
971 224617
972 226711
973 223406
974 231771
975 226357
976 226600
977 227525
978 277789
979 239849
980 247068
981 269357
982 250153
983 236924
984 231649
985 235063
986 238973
987 228184
988 229530
989 257568
990 260638
991 237139
992 235448
993 231504
994 220193
995 214075
996 250942
997 238225
998 232011
999 233952
1000 233740
1001 276186
1002 256727
1003 240019
1004 242669
1005 240052
1006 234397
1007 232674
1008 239539
1009 238367
1010 232703
1011 250994
1012 264718
1013 267046
1014 244600
1015 242908
1016 248155
1017 266586
1018 276773
1019 273836
1020 263727
1021 278316
1022 230296
1023 265162
